30
18
14
20
18
24
19
31
22
33
23
15
18
28
23
14
24
24
25
21
15
39
38
27
32
31
26
26
27
22
21
20
34
26
26
35
31
24
22
15
27
26
39
39
21
33
29
26
33
31
26
26
23
32
33
24
28
27
25
29
31
24
29
36
25
25
25
25
26
26
26
25
35
29
19
35
26
25
27
18
22
28
25
24
30
31
31
33
25
32
29
14
27
18
29
29
30
24
31
23
26
24
18
25
32
29
24
24
18
21
32
32
24
27
23
20
20
28
32
25
24
28
28
29
18
21
20
20
28
27
25
26
21
19
24
29
24
25
18
28
23
25
29
28
29
35
30
32
30
31
23
21
22
25
25
22
24
24
21
21
26
31
28
30
29
23
22
22
28
25
27
34
24
23
31
28
32
31
23
31
22
35
30
25
25
23
23
27
27
30
28
24
19
21
36
23
24
27
30
34
24
31
28
30
37
22
27
27
24
21
19
26
28
30
30
29
25
25
26
31
31
28
30
28
28
29
27
32
19
31
29
34
25
33
21
29
30
32
29
33
32
29
29
20
28
29
27
28
34
29
53
53
28
35
37
33
32
38
47
53
47
75
75
75
32
25
13
18
14
21
168
166
14
14
14
63
67
66
14
10
46
46
76
75
46
10
14
14
14
14
17
12
14
100
54
53
67
67
70
73
70
63
79
75
73
33
75
38
69
